% # columns="iteration, evaluation, sigma, axis ratio, bestever, best, median, worst objective function value, interquartile range, further/more values", seed=239007, Sun Jan  5 19:02:08 2025, <python>{}</python>
1 21 0.9806572606854504 1.000049838375441 0.8616342868681139 8.6163428686811394e-01 19.04872652390856 913.6090906094086 105.49566146857926   
2 42 0.9637552804503768 1.000049838375441 0.8616342868681139 8.7813335098757994e-01 8.369432313911489 444.0983995071977 28.007349826224733   
3 63 0.9481664350830185 1.000049838375441 0.8616342868681139 9.5932917775208759e-01 3.4315049582217 674.3692950056978 11.838929129304113   
4 84 0.9343944077594175 1.0084504586531238 0.8616342868681139 1.0282214800931673e+00 15.941277991453761 2277.767959663905 58.552921433684375   
5 105 0.921815682838179 1.0084504586531238 0.8285676566544424 8.2856765665444243e-01 16.991500237198245 1079.1548118686624 137.74136381942722   
6 126 0.9103806945546319 1.0084504586531238 0.8142026370147268 8.1420263701472684e-01 25.434796503921174 1455.3710035599663 60.1957970670589   
7 147 0.9000897566410374 1.0096931751633835 0.7618501210295278 7.6185012102952776e-01 3.4465093258375807 32072.562534213386 19.469784704038773   
8 168 0.890412413092222 1.0096931751633835 0.7285944517932753 7.2859445179327531e-01 11.923298890075714 1270.6221035272447 39.91570716703964   
9 189 0.8818639239182087 1.0096931751633835 0.7285944517932753 7.8363185318246797e-01 7.792299058412955 6506.757306387843 39.151720104807126   
10 210 0.8743105712925732 1.010968016620055 0.7285944517932753 8.1714897499102257e-01 2.7429003874926057 6352.706395210396 5.6956724470554745   
11 231 0.8669938246153817 1.010968016620055 0.7285944517932753 7.5833674020573605e-01 29.290949742808543 49179.6499520674 115.91658152775157   
12 252 0.8603441095061546 1.010968016620055 0.7285944517932753 7.6912275372460515e-01 7.030705970077418 3914.0453669938493 28.357960246462135   
13 273 0.8543527637584791 1.0132454991923936 0.7285944517932753 7.7423856548664016e-01 11.048311412424857 2218.1948923836608 82.22270720996303   
14 294 0.8488968421375462 1.0132454991923936 0.7285944517932753 7.6972922209412009e-01 10.132263503019558 1710.4276185352562 260.52950714637046   
15 315 0.8441018074300909 1.0132454991923936 0.7285944517932753 8.0448806930110806e-01 10.37409631908764 18186.225662953922 363.5103093485605   
16 336 0.8396374582746834 1.0161394841725953 0.7285944517932753 9.0676625379183373e-01 14.71884313359231 3439883.3965830915 110.64879341842976   
17 357 0.8354336824798886 1.0161394841725953 0.7285944517932753 8.1203785816957075e-01 6.128292123713623 2334.9067959193485 158.18833206439643   
18 378 0.8311530057029787 1.0161394841725953 0.7285944517932753 7.6802653168087520e-01 4.188688138159548 3609.1434105724247 45.56940769047338   
19 399 0.8266657469663021 1.0192825875297553 0.7285944517932753 7.7190941807946634e-01 10.021173931845484 57288.42856791982 370.14160531688213   
20 420 0.8226772000670176 1.0192825875297553 0.7285944517932753 8.0079873654870304e-01 25.78608485126003 18911.16672373725 797.1559241470679   
21 441 0.818886048401383 1.0192825875297553 0.7285944517932753 1.1320421844359700e+00 2.699605517948716 1110.250718175251 6.842763596989102   
22 462 0.8157980923087246 1.0227212968491748 0.7285944517932753 8.1797137381352591e-01 24.960189150373417 6636.802615212617 409.6554067016597   
23 483 0.8132652956367306 1.0227212968491748 0.7285944517932753 7.3493012162623605e-01 3.7001244983557013 940.3533431677552 12.517972161636873   
24 504 0.8108290348674074 1.0227212968491748 0.7285944517932753 7.3842575564293345e-01 3.2827876358304438 640.8744937232809 74.29779603606868   
25 525 0.8084615471209033 1.0265199848504318 0.7285944517932753 7.8884895731519111e-01 2.955502008548981 2954.460833089258 204.53359883950728   
26 546 0.8062401741513507 1.0265199848504318 0.7237780305979746 7.2377803059797463e-01 3.3557931412615285 187985.94475429333 6.461813899364835   
27 567 0.8045037143987432 1.0265199848504318 0.7237780305979746 7.3000433584897750e-01 4.420605191732963 96617.96574716158 39.96814577023569   
28 588 0.8032524659310873 1.0304055410060338 0.7237780305979746 7.6018787408409405e-01 2.7327999157220906 8084.422466950689 34.07028024456591   
29 609 0.8019541673746027 1.0304055410060338 0.7237780305979746 7.3839417429074450e-01 1.4073761473933393 35.814301413925584 1.5275395645511236   
30 630 0.8009301713544256 1.0304055410060338 0.7237780305979746 7.9310129309402655e-01 8.800479285744872 1438072.8948349324 28.924985467971535   
31 651 0.8001377941784182 1.03502790081033 0.7237780305979746 7.3390087422207295e-01 5.815257279476906 3183.696547733694 78.94939593772654   
32 672 0.7992579788285448 1.03502790081033 0.7152969397327583 7.1529693973275832e-01 5.307445911072851 2465.043758225531 113.98228393695666   
33 693 0.7982133330870494 1.03502790081033 0.7073675703925045 7.0736757039250453e-01 4.654599794570764 275304.8664073131 233.10028203764531   
34 714 0.7971925573825004 1.0397102490853438 0.7073675703925045 7.0851958695591055e-01 2.2968090789080557 428.2679581069624 8.93703165067083   
35 735 0.7966246780219353 1.0397102490853438 0.7073675703925045 7.6342051880421491e-01 10.967070368164027 1664131.614749283 461.36080790691386   
36 756 0.7961237995429217 1.0397102490853438 0.7073675703925045 7.4301207144978443e-01 3.7257636886352588 53775.81550679623 74.7989814769239   
37 777 0.795506095490579 1.0448730987042878 0.7073675703925045 7.2459189296956417e-01 5.920317527882339 1406737.2888639488 2537.2347400829753   
38 798 0.7949284981264804 1.0448730987042878 0.7073675703925045 7.1731583850050662e-01 5.050208334845364 94280.59031204398 30.324695851431155   
39 819 0.7947321852182356 1.0448730987042878 0.7073675703925045 7.1818822370988522e-01 8.394732994910685 1175246.4787802896 55.702267128698715   
40 840 0.7942925808209582 1.0501080878092786 0.7073675703925045 1.1438184832469576e+00 83.33319091181984 5005481.788874344 3557.8631282708448   
41 861 0.7938268676893497 1.0501080878092786 0.7073675703925045 1.1519274689428705e+00 78.93734369915667 16151903.751853807 88262.79763591965   
42 882 0.7935253168608423 1.0501080878092786 0.7073675703925045 1.2335493809481746e+00 8.608240086756625 1555133.1530432114 74.59257768841705   
43 903 0.7930928808333181 1.0548426259327377 0.7073675703925045 8.3938594289045332e-01 5.538391335756111 1441643.9083475156 10768.157672578936   
44 924 0.792915171083088 1.0548426259327377 0.7073675703925045 7.1918419114700061e-01 3.561908324823134 20772772.073283926 14708.261841939584   
45 945 0.7930136048804385 1.0548426259327377 0.7073675703925045 9.4447651562402413e-01 6.849554499497371 4259258.85471168 84.29762506438274   
46 966 0.7932000298153636 1.0598840597196104 0.6952873850552896 6.9528738505528964e-01 1.2905079321388024 3208.3842641996675 23.147394288834025   
47 987 0.793576935260742 1.0598840597196104 0.6952873850552896 7.2218965954471526e-01 0.9205913537400542 251.2864114128145 7.773199807994105   
48 1008 0.7937456356112068 1.0598840597196104 0.6952873850552896 7.1438052205016500e-01 3.602794703195435 335.0870984021844 23.776554958027425   
49 1029 0.7939897287882043 1.0652523903477513 0.6952873850552896 7.0104137674951517e-01 3.1776596614503863 18637.89641787866 90.88442008513563   
50 1050 0.7939171498985793 1.0652523903477513 0.6952873850552896 6.9568090651811432e-01 1.921509167612674 45912.85036738238 57.44964851694662   
51 1071 0.7931185492198057 1.0652523903477513 0.6860326389068332 6.8603263890683319e-01 3.1906036662384594 18384.750100899655 30.554916939885292   
52 1092 0.7925718805059145 1.0708024264432263 0.6860326389068332 7.1352454382205999e-01 1.1758024550594675 7603676.262761751 103.46860512604198   
53 1113 0.7920310833217329 1.0708024264432263 0.672945265973502 6.7294526597350202e-01 1.7533050371702184 160101.8093082578 1.9039149510704494   
54 1134 0.791380248303456 1.0708024264432263 0.672945265973502 6.9535375642883890e-01 1.461840981473476 445.74799974492834 7.541889866464249   
55 1155 0.7904810105066894 1.075970856208414 0.672945265973502 7.0172642150622755e-01 12.62179389532057 1407031.1194440336 2152.505006778749   
56 1176 0.789445339292299 1.075970856208414 0.672945265973502 6.7824315556911252e-01 2.2321765848622936 1800.6073105979422 172.56787033352566   
57 1197 0.7878698129835283 1.075970856208414 0.6522919670059212 6.5229196700592118e-01 1.764274062548527 3119.356473623923 9.585112871961117   
58 1218 0.7864932649143476 1.081028337319427 0.6469554955853334 6.4695549558533338e-01 1.3340659367666163 10170.191300005541 2.23478038804767   
59 1239 0.7847561404917168 1.081028337319427 0.6269052602006213 6.2690526020062132e-01 1.1337862128954426 1916.3721872688607 1.4557774904267693   
60 1260 0.7832387865298802 1.081028337319427 0.6269052602006213 6.2888604791196978e-01 1.2318493236244914 21.873991291802838 4.372355575561401   
61 1281 0.7819488031958836 1.08566504557981 0.6233121128993738 6.2331211289937383e-01 1.3119497291350564 11483.697467954875 72.0310607795195   
62 1302 0.7808428704010588 1.08566504557981 0.6233121128993738 6.2450664463304861e-01 0.8593756660380131 193.55701990212802 8.47298511286561   
63 1323 0.7794449976543089 1.08566504557981 0.6233121128993738 6.3236183160135906e-01 1.1054353230130032 3006.4711005992576 2.156850091518451   
64 1344 0.7777250474339923 1.0904027461623875 0.6233121128993738 6.3563054453357704e-01 0.8697663683072738 1663501.000848346 1.9029006320459656   
65 1365 0.7759925303952075 1.0904027461623875 0.6233121128993738 6.4541309648326450e-01 2.761327992745734 12132.480286088667 419.7258871397367   
66 1386 0.7745197641323239 1.0904027461623875 0.6233121128993738 6.3224663514658297e-01 2.011021226083054 469.9967322948307 4.3669460330865135   
67 1407 0.7733514833800036 1.0951406090703875 0.6233121128993738 6.4128576437241325e-01 0.9655452257956277 148.6220144714261 2.780596155407932   
68 1428 0.7723146896939656 1.0951406090703875 0.6233121128993738 6.9380391566662281e-01 1.3694292450771544 463.05424743258976 4.213864896980648   
69 1449 0.7714295875269261 1.0951406090703875 0.6233121128993738 6.2771470653732897e-01 1.1891488778246018 3140454.773963387 3.110171473751277   
70 1470 0.7704007848690777 1.0995560095984378 0.6233121128993738 6.3432312122026435e-01 0.7450869730606692 136941.20732719952 0.6020751571766592   
71 1491 0.7696885257882233 1.0995560095984378 0.6233121128993738 6.7236911148296008e-01 1.148529160546577 363.3786864901218 1.3080996494134753   
72 1512 0.7685686920224064 1.0995560095984378 0.6233121128993738 6.4529549204223535e-01 0.9933381900783053 176785.8343427263 8.140664999807587   
73 1533 0.7673787802397231 1.1039576209064024 0.6147589040908222 6.1475890409082223e-01 1.5921154712752896 42984.4822680192 37.04610587380301   
74 1554 0.7657150656452753 1.1039576209064024 0.6147589040908222 6.2494631868170447e-01 1.2607693686905272 9098.145655793967 0.9670570888044271   
75 1575 0.7639858701562527 1.1039576209064024 0.6147589040908222 6.3954466295971857e-01 0.9474910923290997 10528.045043083377 18.17539988604116   
76 1596 0.7624275604239863 1.1077990627421213 0.6147589040908222 6.5142508429338397e-01 2.1603329516302656 2596.6246346867874 200.4441632795269   
77 1617 0.7607655632866688 1.1077990627421213 0.6147589040908222 6.2847825794272383e-01 1.832191347601839 42831.07013629261 8.7306853958756   
78 1638 0.7593364289501987 1.1077990627421213 0.6147589040908222 6.3567159473072177e-01 2.0337430131433125 92683.91168535776 711.5863543493068   
79 1659 0.7579378369665462 1.111454719256326 0.6147589040908222 6.5438491022811096e-01 9.418867841768922 74700.14033251363 4349.471619888298   
80 1680 0.7563863544057873 1.111454719256326 0.6147589040908222 6.5133942709329817e-01 1.4092833927661716 1023519.5271247039 685.1554421722439   
81 1701 0.7547603014147655 1.111454719256326 0.6147589040908222 6.7732548669035908e-01 3.5323909846219426 7789576.4894780945 5890.40908676511   
82 1722 0.7535460094637543 1.1150575994799166 0.6147589040908222 6.4935781166127726e-01 42.69846926097989 87069526.40150516 36952.630909217274   
83 1743 0.7520819044495104 1.1150575994799166 0.6147589040908222 6.4651161522835754e-01 1.788456069223687 8367475.922180376 2066.5299109886   
84 1764 0.7508617494287941 1.1150575994799166 0.6147589040908222 6.3727039757693393e-01 0.9050663642980141 15291.22598862392 13.48702575635634   
85 1785 0.7495359633311466 1.118985473435565 0.6147589040908222 6.2982732299473487e-01 2.7488210008048126 42765134.39395271 10675.879609376972   
86 1806 0.7483808991700502 1.118985473435565 0.6147589040908222 6.3743492975781724e-01 1.2241889871895222 3234005.9421647238 2392.8600100506014   
87 1827 0.7469466122707881 1.118985473435565 0.6147589040908222 6.4461003355654811e-01 1.3313820661772895 399430.7431503978 7583.84923373411   
88 1848 0.7456919828623433 1.1231507901074411 0.6138362055797943 6.1383620557979435e-01 1.0799071964395253 19457671.539062817 55.305355119767476   
89 1869 0.7445958116841048 1.1231507901074411 0.6138362055797943 6.1911377540328694e-01 1.116192498458042 248.90993008290786 4.863146053517264   
90 1890 0.7436518212406243 1.1231507901074411 0.6138362055797943 6.2109016690466690e-01 1.101912800132188 6335347.191194127 493.9271928923322   
91 1911 0.7426876661177196 1.1267182883237714 0.6104122601603003 6.1041226016030026e-01 2.225302448251784 14805313.59995536 26.48675077424137   
92 1932 0.7415872084223416 1.1267182883237714 0.6104122601603003 6.1629815861375026e-01 1.6499686981971957 90567.43616128575 5.204412878416455   
93 1953 0.7406029320877737 1.1267182883237714 0.6104122601603003 6.1906771325304155e-01 1.5487400012596149 1783.4448946021864 60.93437095872236   
94 1974 0.7392419390697245 1.1303563306041362 0.6104122601603003 6.1109552887304397e-01 0.9474400670679094 19051007.128699098 2.4747262496715967   
95 1995 0.7383335309561623 1.1303563306041362 0.6104122601603003 6.6418494016662644e-01 0.93361361740349 66624.09538958021 821.3790839287224   
96 2016 0.7377962175559789 1.1303563306041362 0.6073043399425676 6.0730433994256761e-01 0.8331282390968598 24875.78265873297 0.6232967205275831   
97 2037 0.7375018937792862 1.1337439116164034 0.5889171953796547 5.8891719537965470e-01 1.2354419172826514 3525.8808749101295 1.9968861807790215   
98 2058 0.7367963871207225 1.1337439116164034 0.5889171953796547 6.0273768092073254e-01 1.0753082671477368 414.44710851240023 4.326047583812366   
99 2079 0.7359161841252811 1.1337439116164034 0.5889171953796547 6.0187801765044924e-01 0.8497659930845517 963.978636660337 2.5234653453811533   
100 2100 0.7349908637788332 1.1374997721698887 0.5889171953796547 6.2420893800203170e-01 1.4416625012258302 748696.911825077 21.294675785169982   
1 2143 0.9710131386355335 1.000049838375441 0.866258692694136 8.6625869269413602e-01 8.965177029435985 38672.88180392333 38.67920949320352   
2 2185 0.9479572858349697 1.000049838375441 0.866258692694136 9.6657873596160304e-01 10.743114725335511 6936.3795295806985 77.94281658087004   
3 2227 0.9284617995642264 1.010397708175362 0.866258692694136 1.0304191335440800e+00 31.621000437514773 1672.7437960429659 126.76619335156016   
4 2269 0.9113857522792496 1.010397708175362 0.8184060746831322 8.1840607468313220e-01 4.953899043566601 305.2256345825872 22.557849238531894   
5 2311 0.8970736278608367 1.0112766073844397 0.8184060746831322 8.7925040905705509e-01 6.881079801200664 2176.133530926363 28.961174694828834   
6 2353 0.8840152557705404 1.0112766073844397 0.8184060746831322 1.1279662864031812e+00 12.514174586734764 14699.025963390597 52.6277763369111   
7 2395 0.8731869766372281 1.0126412766439477 0.8184060746831322 8.5710760986004475e-01 4.854522688342269 3717.8733560929018 18.924559352067785   
8 2437 0.8634072946982094 1.0126412766439477 0.8136286223907144 8.1362862239071443e-01 9.833338450399953 28326.496258272644 41.16126966752558   
9 2479 0.8547108712309542 1.0136299125714772 0.8039860932110229 8.0398609321102288e-01 4.8053175059670865 6375.379914101873 19.606143882452535   
10 2521 0.8472266851084356 1.0136299125714772 0.8039860932110229 8.4212995820373315e-01 5.042138026688646 7883.817747788085 15.932246199349922   
11 2563 0.8402985013729521 1.0151848949062383 0.7876061454983082 7.8760614549830821e-01 11.447692713410984 4567.278657497303 60.75447892502469   
12 2605 0.8342471317173893 1.0151848949062383 0.7876061454983082 9.6173153025668390e-01 20.399644083781805 3863.6340773559373 81.1663052310202   
13 2647 0.8283614594238919 1.0166513772904433 0.7876061454983082 7.9697825767163188e-01 11.581277823259327 4313.315060892651 28.3817599308415   
14 2689 0.8221413002991891 1.0166513772904433 0.7876061454983082 8.5713245496534785e-01 19.99596192364534 13782.332956564092 59.12417713110742   
15 2731 0.8165427062216114 1.0180531174172622 0.7876061454983082 1.0473416281473527e+00 9.976126049768547 3387.388722668135 58.94964370412981   
16 2773 0.810322720387194 1.0180531174172622 0.7876061454983082 9.9990829258866487e-01 9.321750561757852 8254.165136796475 52.587400327355994   
17 2815 0.8048553464533778 1.0196991366113322 0.7644849924001591 7.6448499240015910e-01 5.7231700829531675 1211.4540203248787 18.83660429002745   
18 2857 0.7991725929524927 1.0196991366113322 0.7644849924001591 7.7498228591570850e-01 4.731798899932767 8460.569562875879 14.654905566220995   
19 2899 0.7938561245753336 1.0214680132104899 0.7500598511133793 7.5005985111337925e-01 4.208241354149483 4227.073230731249 19.46984354869251   
20 2941 0.789176235024366 1.0214680132104899 0.7500598511133793 7.8940765702857507e-01 13.331566660596161 3009.490898337213 37.69412475899312   
21 2983 0.7860036036097726 1.0234638037223798 0.7500598511133793 8.0132029529840521e-01 2.229715456157646 10176.277522150087 5.902753548438451   
22 3025 0.7832122903881249 1.0234638037223798 0.7500598511133793 7.8384732804228519e-01 3.8373202531587824 578.7701704431715 5.360546661273186   
23 3067 0.7812585971311025 1.0254320408912236 0.7500598511133793 7.5248143208663043e-01 4.264937999169796 19245.016367921733 17.731035512630168   
24 3109 0.7790836463627266 1.0254320408912236 0.7500598511133793 8.4367171906071015e-01 2.80507489461998 329.020830913821 15.279587823876424   
25 3151 0.7775280369774824 1.0276424004704505 0.7500598511133793 8.0915433788865609e-01 3.5504028975379254 581.5365763969407 18.85387762101394   
26 3193 0.776071081826386 1.0276424004704505 0.7500598511133793 7.8670298471419431e-01 4.835359660297092 3058.4340828051872 19.920711651235163   
27 3235 0.7741182361005724 1.0299266564387295 0.7500598511133793 7.9043196337556676e-01 5.711258929039231 3191.8400924677317 59.03997186158503   
28 3277 0.7712159907044631 1.0299266564387295 0.7500598511133793 7.9059413455538297e-01 4.901338822528214 28021.578211503653 50.051596599664585   
29 3319 0.767834305328735 1.0324497693723536 0.7500598511133793 8.1330621778341239e-01 3.2103133906002346 29452.44652370904 12.901247691187212   
30 3361 0.7647574652093687 1.0324497693723536 0.7500598511133793 8.0975873154737876e-01 2.6723078865052834 32526.522623920555 23.680743439896844   
31 3403 0.761843711597045 1.0346014885596888 0.7500598511133793 7.9728585521891038e-01 2.5023507878501916 1563.4605902232308 18.342213356566187   
32 3445 0.758654972474264 1.0346014885596888 0.7500598511133793 8.0397589695110727e-01 2.4262293195997513 605.8316828791526 11.905260497721043   
33 3487 0.7562646213874328 1.0370516680911988 0.7500598511133793 9.0238427987928360e-01 4.02343398151643 851.9536668411829 18.180148672511823   
34 3529 0.754215873856292 1.0370516680911988 0.7500598511133793 8.0192918196001162e-01 4.251769337351824 215.81668843439772 10.82864707550019   
35 3571 0.7522032605588242 1.0395452318252252 0.7500598511133793 7.5360999313393173e-01 3.621518112621054 4332.78280963444 28.104915434313728   
36 3613 0.7501028030486918 1.0395452318252252 0.7500598511133793 8.6742400382953244e-01 4.7094884744814784 1846.6836274040522 9.817603977827885   
37 3655 0.748435794397301 1.042144213327637 0.7500598511133793 7.6743304604791995e-01 7.6398797708312856 2244.520531863394 47.60700658930422   
38 3697 0.7465852815150958 1.042144213327637 0.7324101338343972 7.3241013383439724e-01 3.8096103382973405 3110.0499679913255 15.658654493243324   
39 3739 0.7441296964410931 1.0447606808317502 0.7324101338343972 7.7851426870392715e-01 3.394778269615284 28320.16547382271 16.43321179144001   
40 3781 0.7418267669808496 1.0447606808317502 0.7324101338343972 7.7986058832930527e-01 3.4445185122341715 151826.66175260584 12.415596068416779   
41 3823 0.739457206230448 1.0473535983251319 0.7324101338343972 7.7789295660097135e-01 2.5653787082560857 421.37515523160704 19.66896557573391   
42 3865 0.7373584087156619 1.0473535983251319 0.7324101338343972 7.7795467546770003e-01 3.9052509644303948 2452.040938576697 23.0538343222392   
43 3907 0.7354066473672216 1.049841166524867 0.7324101338343972 7.6779336388874320e-01 3.0988560598952053 441.35226195000814 8.014247290370974   
44 3949 0.7330557930706331 1.049841166524867 0.7324101338343972 7.9032704958635225e-01 5.265289332677215 6339.137286268308 25.105218556049586   
45 3991 0.7305852243104002 1.052112050160091 0.7324101338343972 7.5906248518117769e-01 3.9777083368743784 1098.827692545902 7.8339623117119075   
46 4033 0.7292007154797165 1.052112050160091 0.7324101338343972 7.8330677881432786e-01 2.32527417024873 259.66575967900235 7.695615968968009   
47 4075 0.7272608265783559 1.0546218684253794 0.7324101338343972 7.5354553520151779e-01 2.3124004007818035 118.06999718298587 9.153735136341446   
48 4117 0.7245924454407665 1.0546218684253794 0.7285090127851177 7.2850901278511770e-01 1.8641337048525635 149.48762149581748 2.143281691342331   
49 4159 0.7220721886435356 1.0571223002140124 0.7285090127851177 7.4838778436027897e-01 1.8401748986722297 425.6808489498047 3.665243412114025   
50 4201 0.7195909042184502 1.0571223002140124 0.7285090127851177 7.3922423550114646e-01 2.037305512390188 91838.76506881593 3.5549637170118955   
51 4243 0.7176831947524208 1.059975140280492 0.7285090127851177 7.4226595758068048e-01 2.371187737088226 1076.0987328498727 2.935669472305912   
52 4285 0.7160531561138189 1.059975140280492 0.7168957780986595 7.1689577809865945e-01 2.776940425794178 1893.1379814856853 8.987522423183655   
53 4327 0.7141356232140246 1.062735500751155 0.7168957780986595 7.3969319029761782e-01 1.6192647494069474 534.0814997643048 2.027775695575297   
54 4369 0.7124962778052728 1.062735500751155 0.7168957780986595 7.5272363943248055e-01 1.6865758147575969 4790.253078306189 29.5014614914596   
55 4411 0.7111196277743416 1.065457715031957 0.7168957780986595 7.4408415272880879e-01 1.3691916171668457 1626.8886963195491 2.31583805758432   
56 4453 0.709236979557799 1.065457715031957 0.7168957780986595 7.6017948693061144e-01 2.3378139592571174 3823.601904870417 7.340121137603554   
57 4495 0.7080005389253439 1.067992703754121 0.7168957780986595 7.4616646169900991e-01 1.2107185964155345 47.33657610571911 1.0336271460449802   
58 4537 0.7067460255373647 1.067992703754121 0.7168957780986595 7.3588041347735667e-01 1.7124013024676676 746.5978996928594 3.5915418475140544   
59 4579 0.7057349056682236 1.070707694719381 0.7168957780986595 7.4388414001479120e-01 2.041246799464784 1081.0823768446016 3.7746204252353044   
60 4621 0.7045569127788784 1.070707694719381 0.7168957780986595 7.4140532419736493e-01 2.681739230691527 105.9699862273555 6.566431407218076   
61 4663 0.7027883937625783 1.0738076261567617 0.7168957780986595 7.3982971923725405e-01 1.2977961862461154 32.8034098662106 1.7184201420212357   
62 4705 0.7007660358761969 1.0738076261567617 0.7168957780986595 7.2726318828839853e-01 2.370589824873563 250.75846747714468 3.6336451443016884   
63 4747 0.6999751896158437 1.0769381404411194 0.7168957780986595 7.2130853690725272e-01 2.9719610217280037 2918.306226830363 11.484659527606036   
64 4789 0.6986685735719882 1.0769381404411194 0.7168957780986595 7.4452317442643845e-01 2.050413985063209 33.64155289657068 4.005294140885369   
65 4831 0.6973097119628314 1.080065034714017 0.7168957780986595 7.3787907461017721e-01 1.7420096809176915 970.7284888053547 5.848456234240002   
66 4873 0.696128365247618 1.080065034714017 0.7098108680460676 7.0981086804606763e-01 1.826637065605256 560.6619025973906 1.40696947050545   
67 4915 0.6950898499751758 1.0830254362261431 0.7098108680460676 7.3950250677665452e-01 1.381323493156334 1701.4800744599213 2.5586465991960154   
68 4957 0.6935335723689001 1.0830254362261431 0.7098108680460676 7.3510466384578166e-01 1.6070860955195014 75.42519267752073 3.5950103140873737   
69 4999 0.6922623233815742 1.086275338110627 0.7098108680460676 7.1151242618622068e-01 1.6090440641626473 2447.527694356525 9.917918520484525   
70 5041 0.6913506593010549 1.086275338110627 0.7098108680460676 7.1162122347689605e-01 1.5764037297156983 331.4570067634627 2.248980422769226   
71 5083 0.6906679914020795 1.0890399347606103 0.7098108680460676 7.1693601658785244e-01 2.1585461018552814 1413.7151206300605 7.104642544622877   
72 5125 0.689514628385167 1.0890399347606103 0.6924875713572405 6.9248757135724048e-01 1.282501177984001 303.19542163915145 2.256579505674956   
73 5167 0.6873858855179462 1.092139830162405 0.6924875713572405 7.2252516262241673e-01 1.4575487941402268 359.73387397252316 3.49506378878153   
74 5209 0.6855458378044398 1.092139830162405 0.6869065064083008 6.8690650640830075e-01 1.7504834750328375 2344.630983146787 5.533150570602309   
75 5251 0.6838464503124249 1.0950427351697414 0.6869065064083008 7.0820441217871133e-01 1.9868756929130458 10511.165645408399 2.8517742312227976   
76 5293 0.6816938154529808 1.0950427351697414 0.6869065064083008 7.0667399422170629e-01 1.2978623621923202 5227.9731328872 2.5354836738668514   
77 5335 0.6797394900804957 1.098015043837245 0.6869065064083008 7.1044425306802650e-01 1.2806262298515454 1084.6924749227005 1.5797473229029508   
78 5377 0.6778859645535114 1.098015043837245 0.6869065064083008 6.9016851446398275e-01 1.3531423531451614 672.2058720309051 2.570447760809408   
79 5419 0.676745175201189 1.1008454399351115 0.6869065064083008 7.1244222426774395e-01 1.2319243665027795 58.88314537100597 0.9836160021232395   
80 5461 0.6759716254057185 1.1008454399351115 0.6869065064083008 7.0659286160018842e-01 1.5711393229255857 8168.123433315231 6.344310651014314   
81 5503 0.6756984787971808 1.1038430595867923 0.6869065064083008 7.0856822860811830e-01 1.0122371723424908 140.38464819956764 1.584380547786492   
82 5545 0.675396501698644 1.1038430595867923 0.6869065064083008 7.0196909555805254e-01 1.65214799910019 353.77840941803254 9.64541804958362   
83 5587 0.6750892842827196 1.106517819853385 0.6869065064083008 7.1238139101464437e-01 1.0890717277977096 5262.551222800417 4.264427319893424   
84 5629 0.6750371102853225 1.106517819853385 0.6869065064083008 7.0850591306031441e-01 1.0658836919866936 74830.59742534904 2.2815000786740507   
85 5671 0.6756591522642705 1.10962474614036 0.6869065064083008 6.9979053969827354e-01 1.2869982374903086 1067.6460478725583 10.012997683672781   
86 5713 0.6766591206903216 1.10962474614036 0.6869065064083008 6.9059309207173336e-01 1.0537136739657778 399.57515913525975 2.7660723402469953   
87 5755 0.6779962257244871 1.1128060136472797 0.6869065064083008 7.0554137953137930e-01 1.1078441714941747 11801.846967745429 1.7812137237844512   
88 5797 0.6793458652568214 1.1128060136472797 0.6869065064083008 6.9789261991339258e-01 1.0133602859156627 2209.8731798075214 1.5567982831382914   
89 5839 0.6796920103810751 1.116107494967929 0.6869065064083008 6.8982657199113862e-01 1.3184993831816232 98608.36880713435 6.825144844926655   
90 5881 0.6808223094710781 1.116107494967929 0.6820781440649948 6.8207814406499478e-01 1.454335149812026 13600.097456747157 1.9507472015559133   
91 5923 0.6819017560904852 1.1193780252756826 0.6815500604397582 6.8155006043975819e-01 1.3506935787319942 241.97692092366296 1.0133992045614693   
92 5965 0.6828145753071485 1.1193780252756826 0.6815500604397582 6.9106701165146811e-01 1.1830604592766418 264.3420127194667 2.1796113767193113   
93 6007 0.6840865030853361 1.122825148790905 0.6815500604397582 6.9289565852879220e-01 1.440332679952734 31379.351462905022 1.6838535678155124   
94 6049 0.6857836846985943 1.122825148790905 0.6815500604397582 7.0922014301697012e-01 1.1668759150430288 2088.8360871054956 1.0489313514375023   
95 6091 0.6869567353822792 1.1262417783149 0.6815500604397582 6.8484013066478189e-01 1.4162846297435816 1662.3012593842143 2.3593335617213507   
96 6133 0.6879131235192464 1.1262417783149 0.6815500604397582 6.9102774654611554e-01 1.4112092075698706 31.11239748228359 1.8258194199073494   
97 6175 0.688894865668742 1.1295332172253743 0.6815500604397582 7.1609903716610768e-01 1.603721150049459 1812.3048310908482 2.9733808808447706   
98 6217 0.6901707289480837 1.1295332172253743 0.671121407838796 6.7112140783879604e-01 1.0927795414497365 28.253228701067012 1.0062735513580205   
99 6259 0.6911866733614538 1.1326701019815493 0.6686452468535267 6.6864524685352666e-01 1.0505758516357577 136.14459904207916 0.5511401463510911   
100 6301 0.692896473344361 1.1326701019815493 0.6686452468535267 6.7539207936746037e-01 1.305284288303527 58432.92518949493 2.451372962088362   
1 6386 0.9551436773292145 1.000049838375441 0.7637090171051072 7.6370901710510719e-01 5.415073645519609 1372.5450097359646 22.72370760233974   
2 6470 0.9231396189312541 1.0098389989888255 0.7637090171051072 7.9850964795768897e-01 7.277155400826012 2424.002127865052 26.89959548361349   
3 6554 0.898232831395598 1.0114672921824757 0.7637090171051072 7.9241036305399248e-01 8.686657434036757 10180.028418412845 48.63825371902719   
4 6638 0.877101433493882 1.0131090738442794 0.7637090171051072 7.8424836504731377e-01 5.792318351824797 2860.239392695359 20.582892019146144   
5 6722 0.8626811099847578 1.0139928999955883 0.7637090171051072 8.1452537063605857e-01 4.019069264362119 1439.7790534684048 12.653299713189105   
6 6806 0.8517199163390444 1.0147147972382105 0.7637090171051072 8.0533525332975264e-01 2.965011556590084 50091.745530086984 9.876987305197833   
7 6890 0.8421898528252316 1.0155086149799175 0.7637090171051072 7.9799508577779965e-01 3.054335636427738 431.95084558952135 6.900832242017091   
8 6974 0.8346423080379743 1.0159592680581226 0.7406032171914456 7.4060321719144562e-01 3.904833898949632 1498.8027412012145 8.412764745076323   
9 7058 0.8275488240828827 1.0165520542154403 0.7406032171914456 8.0127448919181188e-01 2.3855538750434744 38269.84477877688 8.109213534506205   
10 7142 0.819544221045204 1.017455001190046 0.7406032171914456 7.9236863149524261e-01 2.8198905197585953 132.11508978761972 3.585564487690495   
11 7226 0.8119957905767528 1.0183910478768519 0.7406032171914456 8.0541753487211920e-01 2.9729194648905564 327.57591740708483 6.771680271641885   
12 7310 0.8045282448400659 1.0189336166591105 0.7406032171914456 8.1009823111880819e-01 3.713227808528606 5259.162309351378 9.975294463314114   
13 7394 0.7979780416170977 1.0197190135070433 0.7406032171914456 7.7285235214957826e-01 2.8348530786955743 931.4982135402009 4.796939798613417   
14 7478 0.7940866186221429 1.0204081368858606 0.7406032171914456 7.6722403874069256e-01 1.9715447702287776 7296.134134551648 4.041301447023314   
15 7562 0.7923457072119214 1.0211873842395096 0.7406032171914456 7.4616031041954700e-01 1.9797986235629974 14508.094320833748 2.7597103086092294   
16 7646 0.7889032969149917 1.0219161726986334 0.7406032171914456 7.4910073870646510e-01 2.334305329361276 219.95346585461363 4.4271281599101275   
17 7730 0.7863044424117519 1.0228353766521046 0.7406032171914456 7.7650822799514430e-01 1.6497416140987542 574.4935785206208 2.6701615810682497   
18 7814 0.7833964923421097 1.0239866337972918 0.7406032171914456 7.5878933878315724e-01 1.6445509396362783 462.4226625223303 3.119208692413945   
19 7898 0.7817837607880843 1.0249829746526293 0.7267333460997516 7.2673334609975160e-01 1.9082912817861546 549.3899070094052 4.2244934705121295   
20 7982 0.7802280613388854 1.0261698047874457 0.7267333460997516 7.2776095038735855e-01 1.9985885671008239 16840.014847738676 5.204722353039549   
21 8066 0.7813479353887327 1.0273564381161415 0.7267333460997516 7.4363861666030751e-01 1.7687961313742127 530.121210159523 3.9634772977216084   
22 8150 0.7849224384887828 1.0291535929646505 0.7139993647953794 7.1399936479537940e-01 1.7110706059415999 214.7621184719206 2.9906210842899337   
23 8234 0.786431394913278 1.0306413732959487 0.7139993647953794 7.3668155174407535e-01 1.728811911190162 728.9358606570642 3.0398191869355253   
24 8318 0.7867369430009516 1.0320085872301108 0.7139993647953794 7.2506646145299347e-01 1.7507988080739147 146.59479497983534 2.3902281681152875   
25 8402 0.7887180704704142 1.0333540456991208 0.7139993647953794 7.1486329765693879e-01 1.6895726543697205 195.88738846730539 4.763847408375606   
26 8486 0.7906563013060001 1.0349685868946068 0.692453840075676 6.9245384007567601e-01 1.6882443079640344 2494.3465546090865 1.914851791255737   
27 8570 0.7937169496017634 1.0362128518869453 0.692453840075676 7.1607422109487462e-01 1.8186479070371908 639.2274145015731 3.191489220932575   
28 8654 0.7978966052069411 1.0377211408799751 0.692453840075676 7.1424802593844450e-01 1.7648895364519852 566.0200602657218 3.0715861155728406   
29 8738 0.8038324173955694 1.0394804096062342 0.692453840075676 7.0190507444253902e-01 1.8609893787978733 4521.857806158788 3.624103384652132   
30 8822 0.8083415208105691 1.0414100928677819 0.690793282188952 6.9079328218895197e-01 1.5127726896579528 388.5345648143066 3.177935627954021   
31 8906 0.812497337593167 1.0432148315180596 0.690793282188952 7.0668289618400226e-01 1.3842792379046842 1748.8390405782488 1.81662633244059   
32 8990 0.8153608904344027 1.0450660449561306 0.6824800711934307 6.8248007119343068e-01 1.4380281717470391 343.3831070053338 1.4984708582002546   
33 9074 0.8139228835576736 1.0470297339534056 0.6785991894829606 6.7859918948296061e-01 1.7696858619110327 216.7168798240641 2.395078951954349   
34 9158 0.812690431501997 1.0492384260774714 0.6785991894829606 6.8856030891040809e-01 1.2964114528163542 110.67920694208074 2.657413319704935   
35 9242 0.8112534041475848 1.051096616124153 0.6643004985402293 6.6430049854022932e-01 1.476228449978311 2848.549705003058 3.8024070303527653   
36 9326 0.8114129698604343 1.0530293303735152 0.6643004985402293 6.7320534010452726e-01 1.9437932629825192 1376.2431549543162 3.671126349424565   
37 9410 0.812664232473069 1.0548079385638203 0.6643004985402293 6.8750732466611253e-01 1.4605505065666087 18365.663081265116 2.634306011279492   
38 9494 0.814335576171795 1.05649920694549 0.6643004985402293 6.6928095099909746e-01 1.5371787913794184 251.25202086686926 2.319719431754497   
39 9578 0.8146490857094456 1.0583716171707827 0.6643004985402293 6.7727761827972510e-01 1.3175562975053001 3376.8053603543913 2.4822684906609145   
40 9662 0.8149127688427996 1.0602464830400107 0.6643004985402293 6.8132267938235891e-01 1.5332701568038445 828.828911162216 3.419342453115184   
41 9746 0.8151072578076317 1.062262809178123 0.6643004985402293 6.6654398729425535e-01 1.591758454606162 2228.0464935310874 3.8586708286078153   
42 9830 0.8167724076164625 1.0640345648206289 0.658495681568728 6.5849568156872795e-01 1.4182955291603925 27088.43060650973 2.853554431545051   
43 9914 0.8162764299979393 1.0660197589134315 0.658495681568728 6.9603162095915982e-01 1.6180418252758455 1814.6082629171372 2.6648383260511084   
44 9998 0.8153965797681146 1.0676463991222775 0.658495681568728 6.7281439286719324e-01 1.2355784461949288 171.05774001811537 1.766436037876643   
45 10082 0.8135235652542313 1.069552874956617 0.658495681568728 6.7116375290522534e-01 1.5993425626459863 255.15161190214477 2.251707160339312   
46 10166 0.8118016396427731 1.0711904092170674 0.658495681568728 6.7486189608200553e-01 1.3220569664703605 39.44384292085236 2.7560695457747837   
47 10250 0.8102417499121907 1.0727712215680878 0.658495681568728 6.8927849416837161e-01 1.4659782391853966 4154.558246401365 4.044472721423032   
48 10334 0.8087241380175607 1.0748548401115146 0.658495681568728 7.0276455119057146e-01 1.7029521614206735 5303.413372859636 2.67548212181513   
49 10418 0.8065429478414596 1.076410724701597 0.658495681568728 6.8234809439417776e-01 1.5633419454558097 965.1292024927703 3.4933174557685707   
50 10502 0.8046492746678876 1.0780892820035837 0.658495681568728 6.8352697373402083e-01 1.213214201895154 64244.48539959215 2.4451379945450853   
51 10586 0.8037580638877966 1.0798771664387563 0.658495681568728 6.8082576703723763e-01 1.288015551262426 1505.5453803395005 1.7705456987652182   
52 10670 0.8022428181154003 1.0817611444146922 0.658495681568728 6.6214930535722660e-01 1.360112600739352 4856.8185650587875 1.470041897787075   
53 10754 0.8000577054063966 1.083447145326652 0.658495681568728 6.7119692631507133e-01 1.2571739463625864 4562.313841572624 4.16379354059022   
54 10838 0.7979717957372024 1.0851924909848458 0.658495681568728 6.6502977442078670e-01 1.3951181502596768 19639.376801387785 3.0919906795407313   
55 10922 0.7969596532138569 1.0868268298886894 0.6573952427299062 6.5739524272990624e-01 1.4006860511509662 3749.25977016277 5.731751163079293   
56 11006 0.7936139819102114 1.088796806850428 0.6573952427299062 6.5922300239770126e-01 1.471347803557744 29848.167902889927 4.564324637785399   
57 11090 0.7906980208996014 1.0904039767187284 0.6446509167432584 6.4465091674325836e-01 1.1974463221619958 21190.52238422181 2.7113326673926172   
58 11174 0.7892543479461627 1.0923694558822974 0.6446509167432584 6.4496234071707403e-01 1.5027350889629612 984.5397294183376 3.046743608238292   
59 11258 0.7888869118493769 1.0947450602744626 0.6198246808824897 6.1982468088248965e-01 1.1790549153036647 11202.777380060053 2.3316143443953745   
60 11342 0.7882156915024224 1.0968438442442467 0.6198246808824897 6.3342711571315213e-01 1.22021412008968 303.89267016950623 2.2271678243252704   
61 11426 0.7873280466251728 1.098924378114575 0.6198246808824897 6.2192731111539257e-01 1.4878351005235837 185.38969473978617 2.4664418070621585   
62 11510 0.7872402208256639 1.1009313704425148 0.6198246808824897 6.4808227062148882e-01 1.2974806720685248 108.16643612873865 1.644986077127155   
63 11594 0.7870985526636948 1.102942974570947 0.6198246808824897 6.2381778847050884e-01 1.1820727017088204 123.98451484050699 2.601996802345934   
64 11678 0.7887727565390026 1.1050320861946956 0.6198246808824897 6.2319920206375001e-01 1.2750468983291077 629.2733892382761 2.963584689348481   
65 11762 0.7915195550260629 1.1070880722195757 0.6198246808824897 6.2725993609696273e-01 1.4568955571315247 18022.915332222965 2.0651995833993695   
66 11846 0.7951805901088191 1.1094823804530305 0.6063507938257684 6.0635079382576840e-01 1.0736429023473257 1912.8293294887142 1.5906545697109518   
67 11930 0.7983071416312683 1.1118554154892997 0.6063507938257684 6.0964956714835739e-01 1.4855332072052956 148.19823945223607 2.295569779177459   
68 12014 0.8003838052060479 1.1144680358023367 0.600316840011097 6.0031684001109697e-01 1.108739585069751 34140.117952459725 1.8365012006769703   
69 12098 0.8029386050597298 1.1168590286729898 0.5992899170826772 5.9928991708267720e-01 1.1557245741412498 6675.239236956465 1.3697297093242469   
70 12182 0.8065682213076725 1.1193818627899421 0.5992899170826772 6.1068007584278483e-01 1.1164205951991577 206.72690727002202 1.0587354553217299   
71 12266 0.8093100157347558 1.121860637200466 0.5992899170826772 6.2041530723054161e-01 1.1832954547127645 15272.463344292348 1.7724442184005453   
72 12350 0.8116883061498482 1.1244423998255193 0.5992899170826772 6.0223455818233118e-01 0.9366189883267276 144255.58869942176 1.069949324870225   
73 12434 0.813276025251169 1.1270409977819034 0.594746057433581 5.9474605743358100e-01 0.910384700652425 759.7606303629351 1.6112116842069124   
74 12518 0.8164354118814146 1.1298417586878646 0.594746057433581 6.0585391239271635e-01 1.528721365669728 1516.531944703589 2.400815873879355   
75 12602 0.82025048793196 1.132326495179769 0.585351701311661 5.8535170131166103e-01 1.1109201368699735 1417.2129891872553 1.727221277925876   
76 12686 0.8247153753916451 1.1347789904749461 0.585351701311661 5.8572954032654911e-01 1.1319393551751253 3814.377557321984 1.8562366906452814   
77 12770 0.8280110042181484 1.137496250597839 0.585351701311661 5.9359327635827530e-01 1.2154270087631946 4161.234904410544 2.0282984734952803   
78 12854 0.8310496853096648 1.1399706757788775 0.585351701311661 5.9130008081390251e-01 1.5486291446461502 4590.19633200171 3.489423379662285   
79 12938 0.8328983803550586 1.1425730889118175 0.5761042571260757 5.7610425712607571e-01 1.1048437418831756 22911.53228305492 1.5283593215303868   
80 13022 0.8345489168297859 1.1451889849163797 0.5761042571260757 5.7926050305474175e-01 1.5142112521090776 2370.790499886034 2.770931578176551   
81 13106 0.8352935892861151 1.1478603058901549 0.5578468890390671 5.5784688903906710e-01 1.182738131831528 3318.834083818776 2.030960767427823   
82 13190 0.8369229902473899 1.1505418365027937 0.5578468890390671 5.7589003506737646e-01 1.2510168982876164 2529.931977567989 2.8262357116555505   
83 13274 0.8374345606967601 1.1531265947895615 0.5578468890390671 5.7114931590476881e-01 1.234880912790115 23060.07943979827 2.4138914692763764   
84 13358 0.8344337375173811 1.1558944017634676 0.5578468890390671 5.6638809456817951e-01 1.0189733067738223 2797.1080531544335 3.6679832687385474   
85 13442 0.8317324526234294 1.158364707927044 0.5578468890390671 5.6750761464409605e-01 1.2514685705319386 790729.3462552185 4.078197778082955   
86 13526 0.8275501981209842 1.1614004822616426 0.5578468890390671 5.6870661551108814e-01 1.178352341575441 1239.7912618654518 1.17745272828596   
87 13610 0.8240985167393301 1.164184637321147 0.550138723848869 5.5013872384886897e-01 1.280059732217061 1014.5984081386866 2.2829687955638844   
88 13694 0.8189392495458996 1.1666430487749808 0.5367927250409433 5.3679272504094333e-01 0.9601134910208271 1714.5399712806507 2.642560028298954   
89 13778 0.8153647086591348 1.1693782237345014 0.5367927250409433 5.4225920948899287e-01 1.0767236453761146 6629.8796720302225 1.8933342638680406   
90 13862 0.8116451341295845 1.171793882073653 0.5367927250409433 5.4059049237943402e-01 1.2117712539831258 5109.874737405163 1.5114915170179353   
91 13946 0.8073509905637258 1.1744863302255684 0.5367927250409433 5.4404967538412252e-01 1.1090143733476845 514.4352615320014 2.2229016796362013   
92 14030 0.8044600941215678 1.17691215888428 0.5367927250409433 5.4358611056278783e-01 0.9615760804682615 7735.35936553821 1.5445225517791938   
93 14114 0.8034990482381299 1.1796797873060207 0.5367927250409433 5.4229228859926260e-01 0.9628870322923606 1683.995881356848 1.2966801969622703   
94 14198 0.804149692723856 1.1821175624758649 0.5167625504501301 5.1676255045013009e-01 1.1621722142700557 293.66236825252696 1.5515516276846093   
95 14282 0.8036741244978081 1.184877630011024 0.5167625504501301 5.3498954995441728e-01 1.0081674060998147 1118.3337418521444 1.45531793550842   
96 14366 0.8016878252499552 1.1875302648627863 0.5167625504501301 5.1745458800289079e-01 1.0151873323111367 7014.745901827669 1.3229278707815155   
97 14450 0.7979595746199654 1.1902058327607983 0.5167625504501301 5.3371456507312698e-01 0.9123294955662528 10567.911037509173 1.4652745497112891   
98 14534 0.7950524512212052 1.192965115433448 0.5167625504501301 5.2409039859247830e-01 0.9467048091916367 322.3661460378552 2.0802427192562583   
99 14618 0.7933072663073306 1.1954279670535628 0.5045322349935757 5.0453223499357569e-01 1.0697104014954038 1664.3175624428661 1.7922424690452339   
100 14702 0.7936786030819359 1.1983553429931881 0.5045322349935757 5.2852425458752494e-01 1.1154754026765006 1019.7739908767276 1.2534402963260285   
1 14872 0.9434591026393379 1.000049838375441 0.8471807812145826 8.4718078121458262e-01 6.896809292293477 14313.954770022436 25.243927821455504   
2 15041 0.9041707817930876 1.011775825931362 0.8215114386983258 8.2151143869832577e-01 3.407127044613559 1578.564255933404 17.955447286354392   
3 15210 0.8768048126142668 1.0141089952913673 0.7804769374133109 7.8047693741331092e-01 2.620108293462821 4708.632575107893 7.96482825056262   
4 15379 0.8580253531402655 1.0156569028634914 0.7603023735283501 7.6030237352835006e-01 3.6867644038342324 2598.079219624689 9.648261361714216   
5 15548 0.8442249558836487 1.0165285783364482 0.7603023735283501 8.0262207192623125e-01 2.4348584558103057 2126.502216718621 4.851841692645346   
6 15717 0.8327671906802128 1.0178182417795094 0.7603023735283501 7.8578431509406166e-01 2.562305546696212 755.7450919318719 5.759897438121623   
7 15886 0.8239441328441639 1.0187296545128401 0.7603023735283501 7.9014190361178938e-01 1.9575443923738753 5167.461208352786 4.45474153201735   
8 16055 0.8202584404952109 1.0196720337600835 0.7377032446500073 7.3770324465000725e-01 1.9321777487620952 23457.360131771595 3.8455164051881088   
9 16224 0.8147972512364183 1.0215360186319873 0.7377032446500073 7.9634607695929394e-01 1.9573941097300838 632.1792814042439 3.4135742192263496   
10 16393 0.8121427558708583 1.023277689247211 0.7377032446500073 7.8312630151944806e-01 1.7534923120896868 316.07157450824144 2.533201723030184   
11 16562 0.8102911486824601 1.0241528025996354 0.7377032446500073 7.7611890106757053e-01 2.0166761406819154 127.2776477191924 3.857244731946808   
12 16731 0.8086228666337001 1.025075181810056 0.7377032446500073 7.5357519866139788e-01 1.728398635245715 1065.6522966473626 3.1497437927093337   
13 16900 0.8100277600804048 1.0258734720359344 0.734562337099309 7.3456233709930896e-01 1.809071573937905 1241.53963478412 3.7370239375341874   
14 17069 0.8159756880334729 1.0270353174087392 0.7305466179977684 7.3054661799776843e-01 1.9790533204193215 6874.497703214236 3.809328248618982   
15 17238 0.8273532127760115 1.0283824790176301 0.7305466179977684 7.3323584640572226e-01 1.677365464287437 288.8088162331449 2.9809394614489784   
16 17407 0.8348813271802754 1.0295096090232427 0.7305466179977684 7.3297884805571611e-01 1.6281075783969339 548.2701118515225 3.4813394309030867   
17 17576 0.8384009684768281 1.03097266455968 0.7305466179977684 7.3883251392337979e-01 1.7994752582391156 761.2690338936487 3.677419262087716   
18 17745 0.8424599510056724 1.0320043113049773 0.7294894495511396 7.2948944955113959e-01 1.9529587633496852 362.39195845312145 3.078133810663144   
19 17914 0.8480285695882901 1.033261805100378 0.7294894495511396 7.3271751192659007e-01 1.6261282597251783 5213.477265413475 4.094162861730791   
20 18083 0.8508885121750558 1.0344965385831866 0.7185831837052894 7.1858318370528940e-01 1.7065497734049713 2029.9981513123855 3.280160296053639   
21 18252 0.848981192788023 1.035792403487636 0.7016081119249756 7.0160811192497563e-01 1.7617383533546256 13738.30628562715 3.065817191161444   
22 18421 0.8501474036270918 1.037283362708147 0.7016081119249756 7.2817512069225854e-01 1.478752636383227 568.3425393637277 2.148632491125664   
23 18590 0.8531412433591402 1.0390105437934105 0.7016081119249756 7.0284290826145546e-01 1.9408794520219663 3940.9793748883408 3.4275676768714174   
24 18759 0.8576209856251158 1.0401156620231882 0.7016081119249756 7.2366624993743423e-01 1.976497565818949 1958.2823489548266 4.102392567107099   
25 18928 0.8626309438948714 1.0419755151385635 0.7016081119249756 7.1552797145721725e-01 2.1205959712635805 4308.967569436231 3.9286866860035623   
26 19097 0.8674740154290213 1.043649780093817 0.7016081119249756 7.1786926659771100e-01 1.5530920092381233 276.94808859245745 2.9898098498712096   
27 19266 0.8702806500253214 1.0454695115954777 0.7016081119249756 7.0374414160974519e-01 1.8384244451419642 300.34314455534314 4.255156947394671   
28 19435 0.8757386277639957 1.0471431212563944 0.6784645582737893 6.7846455827378926e-01 1.5354958587480467 5611.2530319928965 2.849451698203563   
29 19604 0.8776882999554674 1.0490063471076227 0.6688095812335803 6.6880958123358025e-01 1.615935181967563 4685.470152183094 2.8136998383953484   
30 19773 0.8781374178985457 1.0511052869409871 0.6688095812335803 6.8430781115063111e-01 1.703930936152567 3072.1889394151217 3.3916235736432485   
31 19942 0.878202450339841 1.052803506559335 0.6688095812335803 6.8704688262712932e-01 1.7410229231828913 13236.99104138673 3.269472062011247   
32 20111 0.8740274145145296 1.0547453331045036 0.6688095812335803 6.7330281079555865e-01 1.598220319956585 2000.9375301358286 3.2451464085099664   
33 20280 0.8737214301039727 1.056769708311501 0.6688095812335803 6.8158860467456406e-01 1.6658215922189508 2124.7774469884375 2.729468933583013   
34 20449 0.8732382055875721 1.0589484390754906 0.6688095812335803 6.7797353039725550e-01 1.4849980895541495 252.26699284039483 2.7257366908778335   
35 20618 0.8721841947387583 1.0607509162089197 0.6682294935257216 6.6822949352572159e-01 1.47991917614925 2790.1767139811177 2.6948632639711487   
36 20787 0.8730845495945451 1.0628335430578102 0.6495474711307863 6.4954747113078626e-01 1.2709510697849018 464.00781324493437 2.1399220825885217   
37 20956 0.8752413413559537 1.0653228151509928 0.6495474711307863 6.4980224246251039e-01 1.5128243659958374 8125.47469767639 2.447777628948356   
38 21125 0.8805924833543498 1.0675797243492895 0.6377497239148218 6.3774972391482176e-01 1.424007062295698 3337.8898165979203 2.1516653382523634   
39 21294 0.8867612814226294 1.0700694658794991 0.6377497239148218 6.5463692248331540e-01 1.4368584588039968 2342.9015271391954 2.4053132885775765   
40 21463 0.8953687005164086 1.0723193634663983 0.6377497239148218 6.3798995045756968e-01 1.3664447320770532 253.05861891658722 1.964061253511841   
41 21632 0.8968750728784144 1.0751160227845755 0.6267841830612599 6.2678418306125994e-01 1.6281916320564715 1701.9649561822844 3.9304329011131673   
42 21801 0.9009991106341324 1.0776279689596118 0.6267841830612599 6.3456704540802167e-01 1.6146239750790805 469.9492684689664 2.896962902795246   
43 21970 0.9025980304662065 1.0800472016245675 0.6104324619680285 6.1043246196802847e-01 1.335062206444793 502.1531219645 2.763102451661715   
44 22139 0.9052941372184327 1.0828320586635878 0.6104324619680285 6.5057753385260619e-01 1.371509199947825 411.62063248242816 2.111603039196073   
45 22308 0.9032488807935851 1.0853631922315456 0.6104324619680285 6.2191635561483061e-01 1.5340801712695196 3098.7666284423526 3.3874259668267666   
46 22477 0.9093585153692422 1.0878641745910986 0.6104324619680285 6.2376399739867627e-01 1.3100214873081026 887.9605973708515 2.770151237168991   
47 22646 0.9128845658907826 1.0905147467051182 0.6104324619680285 6.1471095138256771e-01 1.367390439443107 2153680.8968712958 2.252961045179693   
48 22815 0.9189226421314841 1.0930412376670073 0.6104324619680285 6.3259806181075440e-01 1.344037485046567 244.2564468169957 2.5383529642262506   
49 22984 0.9281140577128325 1.0954949107393275 0.6104324619680285 6.1664365455615044e-01 1.2038422750365372 856.9477100789043 1.996727030959308   
50 23153 0.935773640711038 1.0979853577664906 0.6104324619680285 6.1460884760991397e-01 1.1932354991370286 1614.304274452325 1.9176877776199364   
51 23322 0.9404432215107584 1.1005678612396486 0.6104324619680285 6.2166098527506997e-01 1.319482831629725 19463.91661472729 2.718505966358734   
52 23491 0.9456086885059446 1.103122735219443 0.6053690946421801 6.0536909464218014e-01 1.4789103098327991 691.697435993193 2.4316500243310983   
53 23660 0.9439289039439256 1.106098578545158 0.6053690946421801 6.0931501761508866e-01 1.3932442564311798 175.47225168784144 2.440729964495829   
54 23829 0.9453862982955411 1.1087810848254802 0.6053690946421801 6.2006676070391520e-01 1.5912574551365093 1778.9278367144113 2.9605599509266263   
55 23998 0.9496716314749105 1.1113313204429498 0.5995739106751847 5.9957391067518473e-01 1.3589343391532442 165.1212493575458 2.064023583671844   
56 24167 0.9506388410042247 1.1144855010768182 0.5995739106751847 6.1321180023950428e-01 1.2467930054814473 948.0768931780486 2.6426096694022005   
57 24336 0.9524789431701425 1.1174247549724083 0.5995739106751847 6.0246595270375469e-01 1.449939384556546 494.5920764207549 2.5451534137298544   
58 24505 0.9581338682349844 1.119960376901711 0.5995739106751847 6.1414718130574064e-01 1.266666400160739 2026.5290684721006 1.8707214487801973   
59 24674 0.9584080639779761 1.1226800960080698 0.583486957046137 5.8348695704613696e-01 1.39751239889653 2767.26475978071 1.8873773612556577   
60 24843 0.9524947813863482 1.1253505503977699 0.583486957046137 5.8601191895587679e-01 1.4770465591667241 421.2515526743099 2.2793783928643636   
61 25012 0.9475622099308176 1.128023929679449 0.5762425598833686 5.7624255988336859e-01 1.6536308494579839 9711.626392432807 2.909260567702318   
62 25181 0.9462196972690246 1.1307080452844482 0.5762425598833686 5.8855021430667109e-01 1.6241634897482202 2779.058661148705 3.212167385399268   
63 25350 0.9427949259265669 1.1338507331357852 0.5762425598833686 5.9498223628250213e-01 1.4480080797386414 6329.999924459208 1.7846431598695083   
64 25519 0.9461730630618378 1.1366520461641345 0.5757690922381866 5.7576909223818662e-01 1.4081767115290045 3777.2203757492016 2.236748799170667   
65 25688 0.9452031016122919 1.1395379724375698 0.5757690922381866 5.8900763717653681e-01 1.5968225917758878 186348.47258385227 3.0480425954814643   
66 25857 0.9458287769445887 1.1423587514513753 0.5747139480499734 5.7471394804997344e-01 1.3029275107745821 13302.179193844178 1.818601556852557   
67 26026 0.9478103278601722 1.1455956117013038 0.5590798544754195 5.5907985447541952e-01 1.2192242290693303 25947.18037457426 2.282014438447709   
68 26195 0.9547285491783429 1.1485101565893594 0.5590798544754195 5.7745422822747139e-01 1.495480917374921 1815.9366141700139 1.8620194065801   
69 26364 0.9616401279362291 1.1518141348037974 0.5482569739279548 5.4825697392795480e-01 1.338447570147357 3406.148259187698 2.0302032190401818   
70 26533 0.9690466314555326 1.1545261340014892 0.5426494275022213 5.4264942750222134e-01 1.2625254257614338 647.6058755275021 2.0038293450797826   
71 26702 0.9775202904839037 1.1578394399289944 0.5426494275022213 5.5639807296380150e-01 1.1308761446103879 21855.408741165964 1.775598954127863   
72 26871 0.9836992287475024 1.1611696271241931 0.5426494275022213 5.5427755157568426e-01 1.284487746501645 5441.881248486182 2.0753610122310695   
73 27040 0.9900481955175412 1.1647198445756695 0.5426494275022213 5.5293418617910561e-01 1.3500456560931386 2429.4160171143135 2.9132283115293585   
74 27209 0.9919771825717313 1.168052707772111 0.5426494275022213 5.5212634218918488e-01 1.30920041520176 3142.227334591483 3.0851983796454476   
75 27378 0.9884488634392901 1.1712720083708559 0.5377551788641761 5.3775517886417612e-01 1.2021705167312986 9087.377414893432 2.1803656297678087   
76 27547 0.9840161879839143 1.1745948325351938 0.5209297024679962 5.2092970246799619e-01 1.7132575693331322 593.7724484659982 2.9603735543709275   
77 27716 0.9819106474479571 1.1780819422068458 0.5209297024679962 5.3470662302697614e-01 1.560531719649038 5411.439742898054 2.489372020541467   
78 27885 0.980120187709522 1.1818091404948052 0.5205486026558557 5.2054860265585567e-01 1.1931573197964467 1195.4857880391976 3.068835819430824   
79 28054 0.9801435354499736 1.1854240250723393 0.4644273237613273 4.6442732376132728e-01 1.3144533768890008 1072.9175070357496 1.6357062488509664   
80 28223 0.9834063606595703 1.188940533042555 0.4644273237613273 5.0665999679889950e-01 1.0461263672208474 379.8723633954443 1.593686035610542   
81 28392 0.9843834138243507 1.1926733734874235 0.4644273237613273 4.9359114903015278e-01 0.9212515677734476 52618.458397263246 1.7495722280630333   
82 28561 0.9876860115580867 1.196259941510717 0.4644273237613273 5.0498446938877561e-01 1.1876159781344726 38654.40039295122 2.443587952893598   
83 28730 0.9938636221786068 1.199603743302435 0.4644273237613273 4.7728522977350130e-01 1.3523186199118395 1314.1157902050838 1.8778007350665993   
84 28899 1.0078661062209158 1.2037610904381166 0.4644273237613273 4.7049965837426383e-01 1.2719687418179073 36471.29942542062 2.025559318237824   
85 29068 1.0224785301805637 1.2075109619237292 0.4644273237613273 4.7059119521214304e-01 1.216431503362198 23837.46919947313 1.4577339940211467   
86 29237 1.0356065079280667 1.2113081690521748 0.4644273237613273 4.8013002838214280e-01 1.0633229648031244 3508.2514757049707 1.8751991385455695   
87 29406 1.0472113540919161 1.2151930246442597 0.46003480133956937 4.6003480133956937e-01 1.1417542648081254 11789.017558177218 1.828369758536718   
88 29575 1.0574337601907038 1.21940749813487 0.4529863116949917 4.5298631169499171e-01 1.026333385413811 3880.4403630934667 1.9141560217024924   
89 29744 1.0743883333419424 1.2239340337461444 0.4405566711542487 4.4055667115424868e-01 1.2121292528977583 38147.94180606597 2.312417904096401   
90 29913 1.0865488298316783 1.2286629414070618 0.4405566711542487 4.4195832371529004e-01 1.2469064122706226 338.2680171161387 2.0075473410782845   
91 30082 1.0987411820500834 1.2332802280681843 0.42905916995550053 4.2905916995550053e-01 1.0874365145858895 15298.166604737646 1.6198937254031402   
92 30251 1.1100405417547317 1.2378046895631378 0.42905916995550053 4.3991978168936263e-01 1.1885581832347967 9319.385606367821 2.373926899864667   
93 30420 1.115379421156598 1.2423438054838802 0.42905916995550053 4.5478158137854918e-01 1.2173423836992052 467.7863414912443 2.135124755215703   
94 30589 1.1191554468951925 1.2469659447125716 0.42905916995550053 4.4262801499721388e-01 1.0007561207320017 6079.459544913478 1.850040380470526   
95 30758 1.1268903450334669 1.251472493928688 0.42905916995550053 4.4450484019636183e-01 1.2299193499592669 1706.4958368952703 2.2391288864896293   
96 30927 1.1361257820952269 1.2559011531022448 0.42905916995550053 4.3606804198247612e-01 1.2197486162625246 672.4560152219324 2.287367027637603   
97 31096 1.1489844079622562 1.2605357397973063 0.4224296006352032 4.2242960063520318e-01 1.0342903831622283 491.85257211987823 2.0365521742914128   
98 31265 1.163386638542995 1.2650840413121371 0.4224296006352032 4.3052063829370502e-01 1.0999462018616228 12951.454641751545 1.7924479894763639   
99 31434 1.1749815851867387 1.2694104415649903 0.42017336420503426 4.2017336420503426e-01 0.9949521175266095 561.2286395577513 1.785730461473285   
100 31603 1.187952288789977 1.2739714102503468 0.42017336420503426 4.2250392705714573e-01 1.1323133132028562 757.713217445074 2.0523981443823702   
1 31942 0.9304599362159803 1.000049838375441 0.7985144028187553 7.9851440281875530e-01 5.211958006227576 50302.603638493834 32.93285089821298   
2 32280 0.8946355745062968 1.015560455916858 0.7985144028187553 8.0237546483573696e-01 4.064655923643565 41543.003751564356 14.214899636129674   
3 32618 0.887093672480144 1.018260545406683 0.7675047819220635 7.6750478192206351e-01 3.0490882891838695 9375.575258534225 7.911131386092253   
4 32956 0.8813837557979737 1.020625642340547 0.7675047819220635 8.0146495609019175e-01 2.315372102689668 3551.2675029600327 5.417446175211328   
5 33294 0.8769222037088024 1.022715703765621 0.7675047819220635 7.7713836972675998e-01 3.1236042615792012 11018.74616070201 7.300232676680583   
6 33632 0.8758940932631057 1.0241174235300567 0.7675047819220635 7.8582800829848021e-01 2.7879412820223215 54618.15398224505 6.619778555151791   
7 33970 0.8715177389196594 1.02536534924519 0.7675047819220635 7.8776087912335657e-01 3.0809090134968593 33484.31069797992 6.766119550999116   
8 34308 0.8745039364157046 1.0265389266912468 0.7675047819220635 7.8682352483565599e-01 2.327529128088069 31739.037718948755 6.690243499953481   
9 34646 0.8848371432700166 1.0275529346859973 0.761638385532216 7.6163838553221597e-01 2.9378267792413277 32695.376936302033 7.223552668377693   
10 34984 0.8868529180101254 1.0290960013626318 0.7570197411427486 7.5701974114274861e-01 2.501350660821735 1197.602703247549 5.752382787464473   
11 35322 0.8841053401340128 1.0298574377431244 0.7570197411427486 7.6195902991364006e-01 2.6796360874610206 4688.069747544948 6.669109122279689   
12 35660 0.8844041858586593 1.031107028629306 0.7570197411427486 7.6424359987310186e-01 2.249164236009555 25184.89920836252 4.438306165139732   
13 35998 0.8904910277374891 1.03356878665082 0.7329394779661441 7.3293947796614412e-01 2.1042674273910085 1297.8132953482857 5.083172051437137   
14 36336 0.8980873385638747 1.0342581687404715 0.7329394779661441 7.4618543069902421e-01 2.372464539598128 2766.49514825933 4.7607538337958335   
15 36674 0.9121819779729748 1.0362963641425122 0.7291122459164903 7.2911224591649026e-01 1.9893763036171326 2476.145465698155 5.139923701996453   
16 37012 0.9321592242326063 1.0377116191602833 0.7126168109710918 7.1261681097109175e-01 2.2571363504021664 9371.299710273159 6.173101917890968   
17 37350 0.9376509498308355 1.03978249009621 0.7126168109710918 7.3102158359380232e-01 2.3109432375920327 601.8300802324283 5.817072862240317   
18 37688 0.9455945238332624 1.0412310499137432 0.7126168109710918 7.1480587397647510e-01 2.022856138154919 34277.61693089429 5.409313701948117   
19 38026 0.9493582831915163 1.0429994392900614 0.699142230634742 6.9914223063474201e-01 2.4268303438704586 2125.5308231015765 7.526856071076667   
20 38364 0.9618915545650744 1.0445937364654307 0.699142230634742 7.0458615434982008e-01 2.397397330626303 838.6567164963602 5.039740791238829   
21 38702 0.9715415638151709 1.0467283447315994 0.699142230634742 7.0619644934843540e-01 2.096741019767935 8674.162064709397 5.055427745477127   
22 39040 0.986734517536066 1.04921065909512 0.687601275828156 6.8760127582815600e-01 2.969600115476797 16613.237776018832 7.7618855168356236   
23 39378 1.0026990592861362 1.0515682545560647 0.687601275828156 6.9275776634209840e-01 2.1702186656249234 89373.75646773701 4.446190106734318   
24 39716 1.0082082854379562 1.0545648207808362 0.687601275828156 7.0085549749049547e-01 2.25730795599863 12424.06505128417 5.260365775770584   
25 40054 1.0142461012203907 1.0569592609858334 0.687601275828156 7.0120726366926911e-01 2.3687487365550703 42251.30198747276 5.48819600537163   
26 40392 1.022886365075233 1.0595848987465009 0.687601275828156 6.9590958389704305e-01 2.382790271924081 18846.411600471452 5.3156891302989315   
27 40730 1.0299144602564994 1.0620845414973652 0.6539222956123086 6.5392229561230863e-01 2.0692957327313195 82469.23346330001 6.353491835550204   
28 41068 1.0357193673855636 1.0653177051754192 0.6539222956123086 6.7138101451263077e-01 2.2611080420984573 8224.101045812993 5.877216069385346   
29 41406 1.0489304310736935 1.0683895448858807 0.6486634692159158 6.4866346921591578e-01 1.9914932754662549 6195.643304113423 4.664509852393375   
30 41744 1.0597405748300321 1.0718260613213237 0.6486634692159158 6.5607400794531290e-01 2.0469364933494085 4927.815951813476 4.760078835549762   
31 42082 1.0690648446125737 1.0749375737054483 0.6397066743831984 6.3970667438319839e-01 2.178998291416252 10933.71276774749 5.940010364119312   
32 42420 1.0754504469358834 1.0780423786987274 0.6322747462155144 6.3227474621551438e-01 2.209951233417025 91020.9113605112 6.9327013004927505   
33 42758 1.0839479639516723 1.0805610453692456 0.6322747462155144 6.4895630258303461e-01 1.98844992832743 44986.32193102919 6.019459538926619   
34 43096 1.1025885050992374 1.0839764244102914 0.6265271711802027 6.2652717118020274e-01 2.0279391566869434 6167.89533292972 5.461580620184864   
35 43434 1.1212597104897497 1.0870318366979614 0.6265271711802027 6.4416566625486182e-01 2.33806772194159 27358.298181538805 6.235641640680217   
36 43772 1.1530692569399772 1.0905169288173016 0.6265271711802027 6.5319971798069287e-01 2.3467752329763227 56754.659406466264 7.154328226192909   
37 44110 1.1758111679876895 1.0939222995355473 0.6087556228558897 6.0875562285588969e-01 2.235907186001391 16174.808466133294 6.560332986317493   
38 44448 1.194123865622523 1.0972027298558666 0.6087556228558897 6.3935667239846639e-01 2.2653231467413915 6572.5553596134205 4.962190857856009   
39 44786 1.2066342343288823 1.1010563849949122 0.5923176265532818 5.9231762655328180e-01 2.636703826004132 31085.746657775668 7.134794610129621   
40 45124 1.2244039452322981 1.1049200048927394 0.5923176265532818 5.9358854909482528e-01 3.360912694651944 19139.231728940875 8.650185855033401   
41 45462 1.2185158395221931 1.109153162623311 0.5923176265532818 6.0099311207008288e-01 2.2796504974595777 31096.008777062958 5.15345292823891   
42 45800 1.2316589825040438 1.113464092803111 0.5923176265532818 6.0402149653262927e-01 1.951115094146056 17099.316671768916 6.8911713770630225   
43 46138 1.254065656240542 1.1173731337919186 0.5923176265532818 6.0283861326985211e-01 2.1444192768871395 32126.412697838234 4.662954335048216   
44 46476 1.27871270262817 1.1220807334759573 0.5898159902601711 5.8981599026017106e-01 2.5546872819320963 3484.664045074976 6.25060303327636   
45 46814 1.3055754319847217 1.1260073862699642 0.5750129916727778 5.7501299167277775e-01 2.0795719170670472 556016.1871753908 4.996650881006009   
46 47152 1.3209419393017265 1.130281568818051 0.5750129916727778 5.9211786507369291e-01 2.5196021402989834 1681595.112988488 5.2596221166819905   
47 47490 1.349909976629813 1.134529625740815 0.5089241056670588 5.0892410566705881e-01 2.382270818940113 18627.094283099985 8.188972050563741   
48 47828 1.3676471734051152 1.1398689297094995 0.5089241056670588 5.7162922103801073e-01 2.473501212909496 6466.6643477674515 7.203280793058512   
49 48166 1.3703119419375147 1.1445729097407578 0.5089241056670588 5.5982963184010981e-01 2.550730640938225 3446.5191622039315 6.500472467929937   
50 48504 1.3716269654683073 1.1494421039166642 0.5089241056670588 5.5994550580000901e-01 2.1141540461964268 298005.8540184538 5.426493797513973   
51 48842 1.3758091958019336 1.154127940717514 0.5089241056670588 5.6177600887761769e-01 2.2430763257968334 216798.98504660514 5.415542380776721   
52 49180 1.3790878330244882 1.1589026670589226 0.5089241056670588 5.4069993113211601e-01 2.273704216482279 38102.300515914416 5.3237053760077435   
53 49518 1.3794779030589588 1.1635462266423586 0.5089241056670588 5.5564367263630210e-01 2.310672421592541 165303.66941976154 6.957527848735374   
54 49856 1.3839239707820175 1.1685060297736523 0.5089241056670588 5.3257372056624530e-01 2.2644149508662412 150639.39808598542 5.170038628143601   
55 50194 1.4034959428329794 1.1738906032339678 0.5089241056670588 5.5070048779353076e-01 2.3828201196378576 306025.0259139098 5.63312183538367   
56 50532 1.4186816254710808 1.1793730700172878 0.5089241056670588 5.6526615067635133e-01 2.1625453005821984 220090.94472802983 4.814021250427369   
57 50870 1.4341238867517085 1.18425422303894 0.5089241056670588 5.2693244353460378e-01 1.7691435901474455 201719.00520209628 3.6657550988547842   
58 51208 1.4580032476354097 1.189812950395488 0.5089241056670588 5.4644286524676922e-01 2.1196131712450224 19248.133125585504 5.012851027570926   
59 51546 1.4898499424466585 1.1955945589621084 0.4925206565407027 4.9252065654070271e-01 1.7150238141918956 70027.77709205468 3.907918757373227   
60 51884 1.5238135721276056 1.2013017849166436 0.4925206565407027 5.0516696960227614e-01 2.359390430684679 7496.748484048999 5.987722582492712   
61 52222 1.5346392912865043 1.2069362899068976 0.4925206565407027 5.0009454827892674e-01 1.8077488346688946 11427.954770413602 4.464828858172428   
62 52560 1.545463706943083 1.212642578818625 0.4925206565407027 4.9984032978743331e-01 1.7618336668111285 14584842.335098078 3.959371142722729   
63 52898 1.5614325540643135 1.2189175213174235 0.4925206565407027 5.0010153167936500e-01 2.0939560207935703 14439.040133262404 4.334688406906759   
64 53236 1.57786010044192 1.2247953569897687 0.4925206565407027 4.9301889530687537e-01 1.9149086529383719 66877.38155379341 3.8135663550179215   
65 53574 1.603849526318686 1.231195999118238 0.46648835651638937 4.6648835651638937e-01 2.2330083243077796 35477.99800023234 4.2333526963237995   
66 53912 1.6348824501675492 1.2376250555569823 0.4531813708526402 4.5318137085264021e-01 2.520936157409243 475766.9019890479 4.864622136670715   
67 54250 1.6527724935688284 1.2432737161425294 0.4531813708526402 4.7895971561160283e-01 2.172242877623339 408988.78011370037 5.283692123925734   
68 54588 1.6799892468447668 1.250061973782885 0.4531813708526402 4.6618069168954418e-01 2.686842809319338 170160.92606435998 5.454115495389356   
69 54926 1.704839150857697 1.2567044741310807 0.4150998207364473 4.1509982073644730e-01 2.2435267616068812 363788.55750077433 4.402283558405109   
70 55264 1.7230712874261318 1.2635795636412677 0.4150998207364473 4.6549852561424054e-01 2.542629116482251 1922194.006321509 6.251723316882283   
71 55602 1.7454512450952449 1.2695770644542232 0.4150998207364473 4.4381032236891371e-01 2.528465982827962 610689.6229487723 5.409217747728801   
72 55940 1.7670647845835612 1.2757866085911407 0.4150998207364473 4.4183709594044573e-01 2.6629051150676126 291041.17464815214 6.9244689664704175   
73 56278 1.7797222572033333 1.2820585132405398 0.4150998207364473 4.5846585118721600e-01 2.245471213134806 2310426.10036226 6.382682732344885   
74 56616 1.8005032442622448 1.2886912848517216 0.4125486475039709 4.1254864750397091e-01 2.1290617832902883 3239152.1133142137 5.4367753514354895   
75 56954 1.8294680221649966 1.2955899013829282 0.4125486475039709 4.2795458826834043e-01 1.9174312654413765 16031.946867476643 3.8900030423270686   
76 57292 1.8557526716607036 1.3018900888332487 0.4125486475039709 4.5057613503500266e-01 2.4799122554869943 14723.800863766457 5.1952385710896785   
77 57630 1.876373167785839 1.3090483947504732 0.4125486475039709 4.3405196273824470e-01 2.4933470774737527 256644.85147005343 5.082327820711101   
78 57968 1.9130091083350782 1.3160575693859904 0.4125486475039709 4.4152236458581984e-01 2.258138227529243 316003.4278435224 5.72468948868865   
79 58306 1.9589238110402036 1.3234027843780138 0.4125486475039709 4.4618628007687755e-01 2.5408675607673397 150800.4238053721 6.437566272247746   
80 58644 1.9944825143186042 1.3306277879670518 0.4125486475039709 4.1564545787803697e-01 2.290014683330023 8089303.359981384 6.229645050523615   
81 58982 2.0203839742735337 1.3381899055168802 0.4125486475039709 4.5378173481550332e-01 2.741488984913414 1144185.1927504577 7.724452464846147   
82 59320 2.0137401923766736 1.345875947842472 0.4125486475039709 4.1562214363575078e-01 2.5210495207399997 72975202.79964338 7.599383014013034   
83 59658 2.010826074060168 1.352988513111221 0.4125486475039709 4.3011678622605404e-01 2.7767283667977005 6072207.711395557 6.976814483467205   
84 59996 1.9954632441170905 1.3607434267337453 0.4125486475039709 4.2811529084965316e-01 2.5371690683800754 67672.98140334559 6.850020127416055   
85 60334 1.983722984884246 1.3680634147921313 0.39715283777860794 3.9715283777860794e-01 2.8313904613804226 112849.8264160906 7.965648886831625   
86 60672 1.9698308072474602 1.375673988729964 0.39715283777860794 4.2807879990193509e-01 2.311494999418057 73924.32369391128 4.359702032783842   
87 61010 1.9786615941816585 1.3823637463264942 0.39715283777860794 4.1077378378226725e-01 2.3890526661528497 39602.56530250047 5.6875032319601715   
88 61348 1.9807497694242506 1.3897193490929411 0.39715283777860794 3.9897848413785852e-01 2.162230553844542 2739800327.800017 4.92801258669552   
89 61686 1.97189301601295 1.3974486935285044 0.39715283777860794 4.2417432677778599e-01 2.1269076334047354 8616685.140678048 5.260994351408403   
90 62024 1.974183497491823 1.404855876861783 0.39715283777860794 4.0440655941927456e-01 2.0283449343621283 516750.206234399 4.365885102026909   
91 62362 1.9853284492939207 1.4123153289667114 0.3966221687753581 3.9662216877535811e-01 2.5263284321041755 2598252.757312343 6.23535367373096   
92 62700 1.9881332309025128 1.4202101219179255 0.3943165756135226 3.9431657561352262e-01 2.1646532774677745 135337958.26168495 5.309036466237853   
93 63038 1.990908772713233 1.427473790370831 0.3866109833148116 3.8661098331481158e-01 1.8050346098842827 13988825.471398897 4.045959957247318   
94 63376 1.9952317725046245 1.4344383804349643 0.3866109833148116 3.9259959473581429e-01 2.3104080735905255 176809.7931860735 4.459822186137093   
95 63714 1.9842225112575014 1.441612746197084 0.3866109833148116 4.0253160026157569e-01 2.2202540803977997 129687758.08502387 4.650511968160634   
96 64052 1.9798626272866136 1.4491583047130712 0.3866109833148116 3.8741308967181509e-01 2.122378635702082 2341435.717458602 6.226480525197774   
97 64390 1.9819484675725707 1.4566426393063312 0.37073209593266543 3.7073209593266543e-01 2.150961477937581 282399.24925493693 4.628581146973926   
98 64728 1.9716388044211879 1.4646495926917094 0.34688069094698726 3.4688069094698726e-01 2.0944912851431243 140762.88324499913 4.300741847250558   
99 65066 1.9695298355171782 1.4728019102307537 0.34483859009920664 3.4483859009920664e-01 2.077650922839479 71371.26893066571 4.890164329007224   
100 65404 1.9902722747074175 1.4809481787603456 0.34483859009920664 3.4598330235369196e-01 1.7953101182086209 669410.2029222614 4.422065096598071   
1 66082 0.9411636865533479 1.000049838375441 0.7932313577108246 7.9323135771082465e-01 6.491119629613156 40029.33253292688 25.01684052742714   
2 66759 0.9312553341116422 1.0178951993665186 0.774863846249234 7.7486384624923399e-01 4.217329997277085 166984.6089832362 12.204007781266384   
3 67436 0.9424115674180328 1.0210132380843426 0.774863846249234 7.7632746012319720e-01 3.5499101739782635 39986.29834010358 12.507612610342116   
4 68113 0.9717365264131148 1.0240220883045015 0.774863846249234 7.8194881732633714e-01 3.7336308188113687 221372.9645919346 9.545447029284437   
5 68790 1.0090641075666278 1.027273954466568 0.774863846249234 7.7570442864226963e-01 3.60544088637555 103562.14581210993 12.868774933420541   
